48 70 02 79 58 44 88 31 65 76 90 20 13 28 61 37 67 47 84 66 50 01 87 14 57 
67 57 58 82 68 62 68 88 96 71 07 91 65 34 27 78 04 20 69 14 12 59 27 22 02 
65 86 45 89 43 86 84 74 51 14 16 70 30 91 65 09 37 87 89 79 84 20 52 17 44 
96 34 98 19 05 26 06 80 85 76 80 37 39 11 43 07 18 90 90 13 38 25 93 30 01 
11 06 73 42 19 33 20 11 51 10 10 47 38 70 13 47 69 72 93 24 28 57 15 50 34 
87 03 96 93 78 77 36 80 50 43 71 47 08 59 03 10 72 14 42 07 86 10 37 39 80 
57 83 23 28 45 44 12 40 50 45 56 73 72 53 32 78 11 59 94 63 97 23 43 49 16 
31 63 68 26 30 87 93 57 17 29 65 55 13 90 21 11 95 25 73 96 19 86 79 05 37 
86 57 89 48 14 54 89 84 41 48 77 36 28 83 59 30 05 92 47 56 97 07 59 91 74 
54 44 08 30 22 46 75 48 53 74 37 47 55 49 37 54 38 80 57 69 05 31 05 64 95 
43 11 52 31 13 93 10 84 65 91 13 82 20 35 65 61 01 74 04 32 47 22 60 88 84 
71 92 32 31 49 32 23 21 94 28 66 16 03 99 09 49 22 97 23 26 04 99 89 41 59 
05 65 74 22 06 11 37 62 91 78 43 73 53 77 18 76 51 05 75 44 38 62 23 28 28 
18 10 48 38 43 89 16 10 16 36 69 84 47 30 89 43 29 65 84 22 96 06 67 38 65 
32 13 20 57 47 11 88 80 90 99 03 54 56 37 02 76 28 21 53 41 15 44 01 36 93 
46 68 29 47 34 02 47 01 98 23 19 38 35 35 75 34 19 03 47 32 98 69 15 85 25 
59 90 25 81 32 17 60 23 70 52 94 32 21 90 60 65 38 92 30 88 51 44 46 46 71 
08 25 62 06 15 66 49 57 29 84 79 50 86 43 15 51 01 80 47 03 98 99 67 68 05 
01 73 81 29 61 19 32 45 62 55 56 05 26 63 14 92 38 33 47 15 58 51 49 60 15 
04 74 09 03 56 58 01 47 78 84 43 92 83 91 14 86 14 19 36 52 29 86 05 88 64 
43 76 05 05 63 27 16 70 63 22 59 57 10 05 66 38 83 38 20 31 90 60 10 07 05 
25 38 51 40 06 62 17 08 55 52 11 07 39 70 51 39 47 97 43 61 33 64 69 12 86 
91 65 33 90 51 52 75 70 55 45 83 01 71 29 25 08 98 41 93 18 01 27 39 26 44 
46 63 77 77 72 64 98 70 33 26 28 13 98 59 48 94 19 94 71 58 03 21 30 24 14 
21 08 74 64 27 46 66 88 13 93 84 21 24 49 33 73 56 72 11 65 07 80 24 42 11