24856082930226193230185205151986161383824687646386
64463508112185583132150609252008440433096690933793
99627166512591594733233349773941817509471357697912
76998792599444053871207171006621008793348598585322
04378726740075692351157864199012398438982276540535
15448714469479691837146140379506652152276353070166
75973259387496747393712800612743138405822956902289
37611243412174594950405042467429667089862359304972
08690833457137853337621376412687560132680698000801
91338516841787769422194296370696052774954698278792
52553172801584256954791697395914001218055169682774
75779550109103282790465677426848390259696549782453
23646177549438511280795513973677267933030996038608
12353184720957038705040038770134110250932880908367
85961899003876688158486722557579324287745425953057
27890899452659728717836385689478127271731419894746
27678359438448749385855750528624303974985720533487
60799681337664075878883342522408295442086124043049
71378061734944679138497077724444943275489029417616
89291121782889516523980369154250957430535805350430
63339325654572762986187003300646478207635119508385
55312530286148437069859334584032914252080002340458
55229963577218893804489623340736942655225177086639
84351375881876869802509979414186982766547612601141
45084277893468607358497301638271287597658639418173
48196183440612497603258878686582250348560680126753
87648853691608802110348584880111054567593475192149
46597815114945089856978744980730165858252059570095
47914962100557047897961837074582519795436301550833
01283345339487067868760681024464493975357605573446
95506665438990701822151324306318171991131463303995
99088042316597580340793037464428920013004291904724
74378447672736430744207552940748794710131046729236
07820751092919823341693239697466476374254063477271
89809847409043861256725389291558699430884430715483
91159748373715758751995645935997591454089228879054
71589688128616661891801284480530122352363361034806
69299136241961676272298177783776350473925599711691
02482103296600780014703642353561596182816766954467
89957892204521904570174471029270139813259343346567
16482746639108657816537865752445494183465652883210
34546343102237265688127488382615441437802072990794
54592833651611494686729113738901466958102439144916
10273408397402503516312881186506558980914647085292
06103794962704825757130402118291148969800357782313
19617977024518706248242259444699821521242200539468
83638906087551410532787187157616200997301412652894
41523917944589772862590661622409108216793278508137
14551863393044887415434572002391541066333290743175
71624368464111079644041552549163036930861812697947
13908514671089725841061265277591102823329735162762
67097472560753169361320199523540976166173256519702
39171650021405381761517360516804351813337261999919
00047341574444471591411152056904422229838599666026
10198037400156353003311829205624699354185599617548
52153672997206222632455838489687895595355120729441
63990687175833320827784454587960318913564399549593
66950880511085758315528827333497168408793328853408
19487274549789092049544976250732217916814487297554
31080603943489828197886742382899112554953145984474
10957573280595123777963409107253873116732321564737
57380300090675307813990130843629907190656509261831
48062736424707571912384911921675557856990476168396
27119560852169393521840243130296450251287000959176
30932536479887444677575817572168156986739111716447
73400207503111711672453680679778452366727409220882
87741046338311568578305846777830190374943830772105
15425061179383775046864977121180815089814462429754
58592302001127362350239188366279440966828466782132
80943555625299438515264279539021092306442794754998
76491347108365650455626738251090811579770731799567
80122250957044452467579827859279343166518051878018
52591164308945011707867488376871236489220805107500
19483950527054314261013352145917669073593047571837
28557109462305963161421005400221297546190283898114
53723392831505095959424295585012626670982454467141
92127305178494915569956590050826851386958145529786
61544305485476277225238649771311605934344956261066
89695663724556306963554109785821870555042484513661
20787671114155046041395892825441316742796348338248
30104465415124028458067073258572322347145072911043
88796150465151199915097384092505518412690770754006
70284247565116707563856289933588636032631614719801
60241894454931860131458752025334704435572402655873
41002257802801307991841456478712319919659014347876
99848060454372677618710457419983227009815869551528
73440827393911922277008237734971719313858971808749
92743102610304454979185471824633336788553179650058
82357540992118836377436814102659151498584842283801
86705458531512039226922299585500733083115337395467
03372314247717714204568353242785461268922641537817
72226154122932689306934667128209163482977879661392
32623764903897439156069114894284291641586619064900
75859685654426245839462687419899910759110279932962
49435603367932705705760435664406786996948535258262
50683673230363205593181704729444391236013933758333
46397521961175433486700097360308732634380960217224
51668295777832649604523440776421553573411547138761
57358545244089684477457641412149020193978890469316
42171320691307338491001655786955112425566549324113